batch 0: [0.6318058371543884, 0.6090508103370667, 0.6194432973861694, 0.6583518981933594, 0.6476649045944214, 0.6557101011276245, 0.6043179035186768, 0.6489869356155396, 0.6505313515663147, 0.6828530430793762, 0.6290293335914612, 0.6638509035110474, 0.6074913144111633, 0.649937629699707, 0.590410053730011, 0.6582035422325134]
batch 1: [0.614769458770752, 0.7221168279647827, 0.6296743154525757, 0.6303474307060242, 0.8130085468292236, 0.7962430715560913, 0.6490589380264282, 0.6594792008399963, 0.7006208896636963, 0.754306435585022, 0.753431499004364, 0.7839000225067139, 0.687560498714447, 0.711408257484436, 0.6342286467552185, 0.7082812786102295]
batch 2: [0.7035610675811768, 0.7592702507972717, 0.696336030960083, 0.6100530028343201, 0.6426823139190674, 0.7878091931343079, 0.612998366355896, 0.6321287155151367, 0.6595594882965088, 0.6645238995552063, 0.7926710247993469, 0.7495818138122559, 0.652491569519043, 0.691835343837738, 0.532463788986206, 0.7875568270683289]
batch 3: [0.6494945883750916, 0.7631139159202576, 0.7390181422233582, 0.7097166776657104, 0.7286999821662903, 0.7064151167869568, 0.760451078414917, 0.7034087777137756, 0.732260525226593, 0.7224922776222229, 0.738358199596405, 0.689142107963562, 0.7315749526023865, 0.7215266823768616, 0.6983654499053955, 0.6809232234954834]
batch 4: [0.663036048412323, 0.6774118542671204, 0.6705944538116455, 0.6025311946868896, 0.7491759061813354, 0.7385200262069702, 0.6444616913795471, 0.621721088886261, 0.5910071134567261, 0.6417210102081299, 0.7130637168884277, 0.6665917634963989, 0.5764177441596985, 0.7096940875053406, 0.6573116183280945, 0.6893389225006104]
batch 5: [0.6142901182174683, 0.6447635293006897, 0.6320717334747314, 0.6617651581764221, 0.6954159736633301, 0.6287884712219238, 0.6024132370948792, 0.7035282254219055, 0.6409035921096802, 0.6878646016120911, 0.7118834853172302, 0.6623121500015259, 0.6473370790481567, 0.5993123054504395, 0.5974933505058289, 0.6588928699493408]
batch 6: [0.5879698991775513, 0.7493516802787781, 0.5636734962463379, 0.6287627220153809, 0.6799588799476624, 0.7023317217826843, 0.6369378566741943, 0.6352581977844238, 0.6681510210037231, 0.6486801505088806, 0.6669185757637024, 0.649924635887146, 0.6717220544815063, 0.6362800002098083, 0.61972576379776, 0.6658710837364197]
batch 7: [0.5920242071151733, 0.6497793793678284, 0.6439763307571411, 0.5948378443717957, 0.7014376521110535, 0.6627140641212463, 0.6062449812889099, 0.6584885716438293, 0.6093431711196899, 0.6784127950668335, 0.677006185054779, 0.6242260336875916, 0.638201117515564, 0.603399395942688, 0.5741220116615295, 0.6459215879440308]
batch 8: [0.5516104102134705, 0.6038831472396851, 0.5881741046905518, 0.6070309281349182, 0.6906841397285461, 0.6521757245063782, 0.6901773810386658, 0.6323742270469666, 0.6701712012290955, 0.6999502778053284, 0.6737658381462097, 0.6562665104866028, 0.642396867275238, 0.7182725667953491, 0.6471340656280518, 0.6784563660621643]
batch 9: [0.6556986570358276, 0.6664004921913147, 0.6817859411239624, 0.6707618236541748, 0.6587877869606018, 0.665458619594574, 0.5405694246292114, 0.6803235411643982, 0.6803560256958008, 0.7238075137138367, 0.684776782989502, 0.6276801824569702, 0.6810774803161621, 0.5416066646575928, 0.5990853309631348, 0.750606894493103]
batch 10: [0.5993466973304749, 0.6120429039001465, 0.6744267344474792, 0.7526341676712036, 0.6838513612747192, 0.7359732389450073, 0.6194333434104919, 0.6987143158912659, 0.6228650212287903, 0.6252038478851318, 0.6377184391021729, 0.6971709728240967, 0.694918692111969, 0.6879435777664185, 0.6594903469085693, 0.7204391956329346]
batch 11: [0.6448018550872803, 0.6286618113517761, 0.6692275404930115, 0.708591639995575, 0.6438308358192444, 0.6084110736846924, 0.6312106847763062, 0.6208813190460205, 0.6780130863189697, 0.7378561496734619, 0.6612918376922607, 0.7070927023887634, 0.6308586597442627, 0.6100485324859619, 0.627626359462738, 0.6913902163505554]
batch 12: [0.635977029800415, 0.6577177047729492, 0.622786819934845, 0.6402602791786194, 0.6239089965820312, 0.6626036763191223, 0.6416574716567993, 0.6074541807174683, 0.6225755214691162, 0.6416229605674744, 0.6873077154159546, 0.5978088974952698, 0.6699110269546509, 0.6621123552322388, 0.5728247165679932, 0.609927773475647]
batch 13: [0.6083190441131592, 0.6084941625595093, 0.6580844521522522, 0.5968886017799377, 0.7267142534255981, 0.7197704911231995, 0.6628600358963013, 0.62408047914505, 0.5007669925689697, 0.5763235092163086, 0.5057147741317749, 0.6717790365219116, 0.6086975932121277, 0.7173733115196228, 0.6060228943824768, 0.7639063000679016]
batch 14: [0.6434963941574097, 0.6510595083236694, 0.6878088712692261, 0.6927729845046997, 0.7133959531784058, 0.6840386390686035, 0.6787886619567871, 0.6714119911193848, 0.6445184946060181, 0.6862230896949768, 0.6725833415985107, 0.6994625926017761, 0.6370151042938232, 0.6729854941368103, 0.628738522529602, 0.6702583432197571]
batch 15: [0.6880210638046265, 0.6036891341209412, 0.7104795575141907, 0.6831933856010437, 0.788658618927002, 0.7202585339546204, 0.6482258439064026, 0.6763489246368408, 0.6901264786720276, 0.6383813619613647, 0.6778871417045593, 0.6766576766967773, 0.7438820004463196, 0.6964143514633179, 0.6707351207733154, 0.6988328695297241]
batch 16: [0.583855152130127, 0.6383741497993469, 0.6140342354774475, 0.6136733293533325, 0.674873411655426, 0.635551929473877, 0.6388654708862305, 0.6143594980239868, 0.6309217214584351, 0.7112070322036743, 0.6285809278488159, 0.64349365234375, 0.5914686322212219, 0.5502052903175354, 0.5321454405784607, 0.6065813302993774]
batch 17: [0.6121434569358826, 0.7101159691810608, 0.5605921149253845, 0.7335907816886902, 0.6588616967201233, 0.6738152503967285, 0.6723206639289856, 0.6242991089820862, 0.624179482460022, 0.7345356345176697, 0.6918901801109314, 0.526771605014801, 0.6773622035980225, 0.5063262581825256, 0.5531525015830994, 0.6279845237731934]
batch 18: [0.6731333136558533, 0.6478855013847351, 0.5830181241035461, 0.6920660138130188, 0.5524082183837891, 0.7618632316589355, 0.7352760434150696, 0.7549982070922852, 0.6919894218444824, 0.6644558906555176, 0.6717808246612549, 0.6827210783958435, 0.6336144208908081, 0.6314617991447449, 0.7133198380470276, 0.6813835501670837]
batch 19: [0.5993186831474304, 0.6289176344871521, 0.628716766834259, 0.5884169340133667, 0.6543546319007874, 0.7123519778251648, 0.6213201880455017, 0.6467189192771912, 0.6495673656463623, 0.731589138507843, 0.7033000588417053, 0.6610511541366577, 0.6624293923377991, 0.6269651055335999, 0.5825424790382385, 0.5913927555084229]
batch 20: [0.5865374803543091, 0.6270683407783508, 0.6217358708381653, 0.6158435344696045, 0.7002427577972412, 0.6561411619186401, 0.6153051257133484, 0.672466516494751, 0.6166877746582031, 0.6942348480224609, 0.6476765871047974, 0.6970217823982239, 0.6226187944412231, 0.6201798915863037, 0.609761118888855, 0.6647634506225586]
batch 21: [0.5822088718414307, 0.7283291816711426, 0.5522000193595886, 0.5342092514038086, 0.6526702642440796, 0.711088240146637, 0.6658427715301514, 0.5010620355606079, 0.694410502910614, 0.7973660826683044, 0.7617268562316895, 0.6199252009391785, 0.7488377690315247, 0.7213187217712402, 0.6120054721832275, 0.6639783978462219]
batch 22: [0.568487286567688, 0.6692613959312439, 0.6441279649734497, 0.6128873825073242, 0.6685866117477417, 0.6728954911231995, 0.6789287328720093, 0.654708981513977, 0.5870516896247864, 0.7558335065841675, 0.730453610420227, 0.6670793294906616, 0.7049522399902344, 0.6372947692871094, 0.569088339805603, 0.6693015694618225]
batch 23: [0.6648554801940918, 0.5386672019958496, 0.5661665797233582, 0.62967449426651, 0.6241098046302795, 0.6747951507568359, 0.6755856871604919, 0.6876749396324158, 0.6657534241676331, 0.6680364012718201, 0.6782116293907166, 0.6903031468391418, 0.6429784297943115, 0.6177334785461426, 0.5491288900375366, 0.7227088809013367]
batch 24: [0.6208561062812805, 0.6956124901771545, 0.6778196692466736, 0.6121218204498291, 0.6738212704658508, 0.7461521029472351, 0.7527336478233337, 0.7602294087409973, 0.6621436476707458, 0.5749353766441345, 0.6984694004058838, 0.6594396829605103, 0.6360709071159363, 0.5908912420272827, 0.7241126894950867, 0.7739723324775696]
batch 25: [0.5868198871612549, 0.6638492345809937, 0.6112931370735168, 0.6576577425003052, 0.7576920390129089, 0.6974460482597351, 0.6989880800247192, 0.6651545166969299, 0.5557481646537781, 0.7257177829742432, 0.7481125593185425, 0.6875807642936707, 0.665093719959259, 0.6212946772575378, 0.6016513109207153, 0.6638513207435608]
batch 26: [0.5689700245857239, 0.622439444065094, 0.6474512815475464, 0.7258408665657043, 0.7542584538459778, 0.7202308177947998, 0.6343938112258911, 0.692363440990448, 0.6217552423477173, 0.6499300003051758, 0.6516101956367493, 0.640247642993927, 0.5715322494506836, 0.668792188167572, 0.6169648766517639, 0.6805891394615173]
batch 27: [0.5877629518508911, 0.7162885665893555, 0.6455827951431274, 0.529626190662384, 0.6841514706611633, 0.6896113753318787, 0.5727332234382629, 0.610477864742279, 0.6035102605819702, 0.7637956738471985, 0.5454592108726501, 0.6403629183769226, 0.5975780487060547, 0.6539129614830017, 0.5347640514373779, 0.5642436146736145]
batch 28: [0.6933996677398682, 0.6805248260498047, 0.7113977670669556, 0.7403976321220398, 0.6855792999267578, 0.711564302444458, 0.6848134994506836, 0.6810998916625977, 0.6310082674026489, 0.6106820702552795, 0.6768429279327393, 0.6372759938240051, 0.6515441536903381, 0.6426376700401306, 0.6272626519203186, 0.7624645829200745]
batch 29: [0.5482351779937744, 0.7069680690765381, 0.6217318177223206, 0.6578494906425476, 0.6770238876342773, 0.646378219127655, 0.6396249532699585, 0.6737033724784851, 0.6418079733848572, 0.6672437787055969, 0.69029301404953, 0.6065770387649536, 0.590665340423584, 0.6314627528190613, 0.5983240604400635, 0.6244747638702393]
batch 30: [0.6775938272476196, 0.6665623784065247, 0.6367871761322021, 0.6829172968864441, 0.7139455080032349, 0.6686742305755615, 0.7174047231674194, 0.593159556388855, 0.6334547996520996, 0.753885805606842, 0.6406448483467102, 0.581078290939331, 0.6294369697570801, 0.6739886999130249, 0.6115391850471497, 0.6460235118865967]
batch 31: [0.6117920279502869, 0.616123616695404, 0.6308066248893738, 0.6646541357040405, 0.7268970608711243, 0.6951356530189514, 0.6501607894897461, 0.6096369028091431, 0.6018238663673401, 0.6468719840049744, 0.5947003960609436, 0.6395020484924316, 0.6251415610313416, 0.6795740127563477, 0.6148594617843628, 0.6682186126708984]
